0 
192 
128 
64 
0 
192 
128 
64 
0 
192 
128 
64 
0 
192 
128 
64 
0 
192 
128 
64 
0 
192 
128 
64 
0 
192 
128 
64 
0 
192 
128 
64 
0 
192 
128 
64 
0 
192 
128 
64 
0 
192 
128 
64 
0 
192 
128 
64 
0 
192 
128 
64 
0 
192 
128 
64 
0 
192 
128 
64 
0 
192 
128 
64 
252 
252 
128 
64 
252 
252 
128 
64 
252 
252 
128 
64 
252 
252 
128 
64 
252 
252 
128 
64 
252 
252 
128 
64 
252 
252 
128 
64 
252 
252 
128 
64 
248 
248 
128 
64 
248 
248 
128 
64 
248 
248 
128 
64 
248 
248 
128 
64 
240 
240 
128 
64 
240 
240 
128 
64 
224 
224 
128 
64 
208 
208 
128 
64 
208 
208 
128 
64 
200 
200 
128 
64 
200 
200 
128 
64 
200 
200 
128 
64 
200 
200 
128 
64 
200 
212 
128 
64 
212 
212 
128 
64 
214 
214 
128 
64 
214 
214 
128 
64 
222 
222 
128 
64 
222 
222 
128 
64 
255 
255 
128 
64 
250 
250 
128 
64 
238 
238 
128 
64 
232 
232 
128 
64 
242 
242 
128 
64 
242 
242 
128 
64 
240 
240 
128 
64 
252 
252 
128 
64 
252 
252 
128 
64 
250 
250 
128 
64 
248 
248 
128 
64 
246 
246 
128 
64 
246 
246 
128 
64 
248 
248 
128 
64 
250 
250 
128 
64 
252 
252 
128 
64 
252 
252 
128 
64 
242 
242 
128 
64 
244 
244 
128 
64 
244 
244 
128 
64 
226 
226 
128 
64 
228 
228 
128 
64 
240 
240 
128 
64 
238 
238 
128 
64 
254 
254 
128 
64 
252 
252 
128 
64 
248 
248 
128 
64 
244 
244 
128 
64 
244 
244 
128 
64 
240 
240 
128 
64 
244 
244 
128 
64 
248 
248 
128 
64 
252 
252 
128 
64 
252 
252 
128 
64 
236 
236 
128 
64 
236 
236 
128 
64 
224 
224 
128 
64 
228 
228 
128 
64 
220 
220 
128 
64 
242 
242 
128 
64 
246 
246 
128 
64 
250 
250 
128 
64 
252 
252 
128 
64 
232 
232 
128 
64 
236 
236 
128 
64 
224 
224 
128 
64 
212 
212 
128 
64 
208 
208 
128 
64 
202 
202 
128 
64 
198 
198 
128 
64 
194 
194 
128 
64 
236 
236 
128 
64 
244 
244 
128 
64 
252 
252 
128 
64 
214 
214 
128 
64 
224 
224 
128 
64 
204 
204 
128 
64 
196 
196 
128 
64 
212 
212 
128 
64 
216 
216 
128 
64 
224 
224 
128 
64 
212 
212 
128 
64 
240 
240 
128 
64 
236 
236 
128 
64 
236 
236 
128 
64 
236 
236 
128 
64 
244 
244 
128 
64 
252 
252 
128 
64 
202 
202 
128 
64 
210 
210 
128 
64 
224 
224 
128 
64 
216 
216 
128 
64 
226 
226 
128 
64 
232 
232 
128 
64 
242 
242 
128 
64 
246 
246 
128 
64 
250 
250 
128 
64 
255 
255 
128 
64 
254 
254 
128 
64 
250 
250 
128 
64 
248 
248 
128 
64 
242 
242 
128 
64 
224 
224 
128 
64 
238 
238 
128 
64 
246 
246 
128 
64 
252 
252 
128 
64 
224 
224 
128 
64 
224 
224 
128 
64 
252 
252 
128 
64 
246 
246 
128 
64 
238 
238 
128 
64 
196 
196 
128 
64 
202 
202 
128 
64 
210 
210 
128 
64 
210 
210 
128 
64 
202 
202 
128 
64 
196 
196 
128 
64 
244 
244 
128 
64 
244 
244 
128 
64 
250 
250 
128 
64 
252 
252 
128 
64 
238 
238 
128 
64 
238 
238 
128 
64 
242 
242 
128 
64 
224 
224 
128 
64 
232 
232 
128 
64 
224 
224 
128 
64 
232 
232 
128 
64 
254 
254 
128 
64 
238 
238 
128 
64 
236 
236 
128 
64 
254 
254 
128 
64 
252 
252 
128 
64 
248 
248 
128 
64 
224 
224 
128 
64 
224 
224 
128 
64 
196 
196 
128 
64 
204 
204 
128 
64 
224 
224 
128 
64 
212 
212 
128 
64 
252 
252 
128 
64 
244 
244 
128 
64 
236 
236 
128 
64 
255 
255 
128 
64 
255 
255 
128 
64 
0 
0 
128 
64 
250 
250 
128 
64 
250 
250 
128 
64 
244 
244 
128 
64 
240 
240 
128 
64 
0 
192 
128 
64 
0 
192 
128 
64 
