0 
192 
128 
64 
0 
192 
128 
64 
0 
136 
136 
64 
0 
144 
144 
64 
0 
160 
160 
64 
0 
176 
176 
64 
0 
184 
184 
64 
196 
196 
128 
64 
0 
192 
128 
64 
0 
192 
128 
64 
0 
192 
128 
64 
0 
192 
128 
64 
208 
208 
128 
64 
0 
192 
128 
64 
0 
192 
128 
64 
0 
192 
128 
64 
252 
252 
128 
64 
252 
252 
128 
64 
252 
252 
128 
64 
252 
252 
128 
64 
252 
252 
128 
64 
252 
252 
128 
64 
252 
252 
128 
64 
252 
252 
128 
64 
248 
248 
128 
64 
248 
248 
128 
64 
248 
248 
128 
64 
248 
248 
128 
64 
240 
240 
128 
64 
240 
240 
128 
64 
208 
208 
128 
64 
208 
208 
128 
64 
212 
212 
128 
64 
224 
224 
128 
64 
224 
224 
128 
64 
200 
200 
128 
64 
252 
252 
128 
64 
248 
248 
128 
64 
240 
240 
128 
64 
234 
234 
128 
64 
230 
230 
128 
64 
224 
224 
128 
64 
224 
224 
128 
64 
236 
236 
128 
64 
204 
204 
128 
64 
240 
240 
128 
64 
200 
200 
128 
64 
200 
200 
128 
64 
218 
218 
128 
64 
214 
214 
128 
64 
200 
200 
128 
64 
208 
208 
128 
64 
216 
216 
128 
64 
232 
232 
128 
64 
0 
192 
4 
4 
240 
240 
128 
64 
208 
208 
128 
64 
196 
196 
128 
64 
0 
192 
122 
122 
0 
192 
198 
198 
0 
192 
106 
106 
244 
244 
128 
64 
0 
192 
84 
84 
0 
192 
128 
64 
16 
192 
128 
16 
20 
192 
128 
20 
22 
192 
128 
22 
24 
192 
128 
24 
24 
192 
128 
24 
24 
192 
128 
24 
28 
192 
128 
28 
28 
192 
128 
28 
32 
192 
128 
32 
36 
192 
128 
36 
44 
192 
128 
44 
40 
192 
128 
40 
0 
192 
88 
88 
0 
192 
88 
88 
0 
192 
128 
64 
0 
192 
128 
64 
224 
224 
128 
64 
34 
192 
128 
34 
0 
192 
96 
96 
0 
192 
84 
84 
32 
192 
128 
32 
255 
255 
128 
64 
32 
192 
128 
32 
255 
255 
128 
64 
248 
248 
128 
64 
248 
248 
128 
64 
248 
248 
128 
64 
248 
248 
128 
64 
28 
192 
128 
28 
20 
192 
128 
20 
8 
192 
128 
8 
8 
192 
128 
8 
6 
192 
128 
6 
4 
192 
128 
4 
2 
192 
128 
2 
0 
192 
128 
64 
252 
252 
128 
64 
252 
252 
128 
64 
252 
252 
128 
64 
248 
248 
128 
64 
244 
244 
128 
64 
240 
240 
128 
64 
236 
236 
128 
64 
232 
232 
128 
64 
224 
224 
128 
64 
0 
188 
188 
64 
0 
180 
180 
64 
0 
172 
172 
64 
0 
160 
160 
64 
0 
148 
148 
64 
0 
140 
140 
64 
0 
132 
132 
64 
16 
192 
128 
16 
0 
192 
128 
64 
0 
192 
128 
64 
0 
192 
128 
64 
4 
192 
128 
4 
4 
192 
128 
4 
212 
212 
128 
64 
212 
212 
128 
64 
4 
192 
128 
4 
6 
192 
128 
6 
8 
192 
128 
8 
12 
192 
128 
12 
14 
192 
128 
14 
12 
192 
128 
12 
20 
192 
128 
20 
16 
192 
128 
16 
12 
192 
128 
12 
12 
192 
128 
12 
8 
192 
128 
8 
6 
192 
128 
6 
4 
192 
128 
4 
4 
192 
128 
4 
0 
192 
120 
120 
0 
192 
108 
108 
0 
192 
96 
96 
0 
192 
84 
84 
0 
192 
72 
72 
0 
192 
128 
64 
0 
192 
255 
255 
0 
192 
68 
68 
0 
192 
112 
112 
0 
192 
88 
88 
0 
192 
128 
64 
228 
228 
128 
64 
208 
208 
128 
64 
208 
208 
128 
64 
4 
192 
128 
4 
208 
208 
128 
64 
16 
192 
128 
16 
36 
192 
128 
36 
56 
192 
128 
56 
255 
192 
128 
255 
0 
192 
128 
64 
16 
192 
128 
16 
32 
192 
128 
32 
48 
192 
128 
48 
12 
192 
128 
12 
20 
192 
128 
20 
32 
192 
128 
32 
44 
192 
128 
44 
52 
192 
128 
52 
0 
192 
124 
124 
0 
192 
112 
112 
0 
192 
88 
88 
0 
192 
72 
72 
0 
132 
132 
64 
0 
136 
136 
64 
0 
144 
144 
64 
0 
152 
152 
64 
0 
156 
156 
64 
0 
160 
160 
64 
0 
176 
176 
64 
0 
184 
184 
64 
0 
188 
188 
64 
0 
40 
40 
64 
0 
24 
24 
64 
0 
32 
32 
64 
0 
232 
232 
64 
0 
244 
244 
64 
0 
32 
32 
64 
0 
24 
24 
64 
0 
128 
128 
64 
0 
128 
128 
64 
0 
132 
132 
64 
0 
136 
136 
64 
0 
136 
136 
64 
0 
140 
140 
64 
0 
144 
144 
64 
0 
148 
148 
64 
0 
148 
148 
64 
0 
140 
140 
64 
0 
140 
140 
64 
0 
136 
136 
64 
0 
132 
132 
64 
0 
132 
132 
64 
0 
128 
128 
64 
0 
128 
128 
64 
0 
140 
140 
64 
0 
144 
144 
64 
0 
152 
152 
64 
0 
168 
168 
64 
0 
168 
168 
64 
0 
176 
176 
64 
0 
184 
184 
64 
0 
192 
192 
64 
8 
192 
128 
8 
24 
192 
128 
24 
48 
192 
128 
48 
0 
132 
132 
64 
0 
136 
136 
64 
0 
144 
144 
64 
0 
152 
152 
64 
0 
168 
168 
64 
0 
176 
176 
64 
0 
180 
180 
64 
0 
184 
184 
64 
0 
188 
188 
64 
16 
192 
128 
16 
32 
192 
128 
32 
48 
192 
128 
48 
8 
192 
128 
8 
10 
192 
128 
10 
12 
192 
128 
12 
16 
192 
128 
16 
228 
228 
128 
64 
236 
236 
128 
64 
228 
228 
128 
64 
232 
232 
128 
64 
232 
232 
128 
64 
232 
232 
128 
64 
244 
244 
128 
64 
216 
216 
128 
64 
236 
236 
128 
64 
244 
244 
128 
64 
250 
250 
128 
64 
252 
252 
128 
64 
56 
192 
128 
56 
56 
192 
128 
56 
56 
192 
128 
56 
56 
192 
128 
56 
228 
228 
128 
64 
0 
192 
128 
64 
